best_value=0.04639090970158577
timesteps=500
eta_b=0.0913318701941831
eta_c=0.8994489981263478
init_noise_std=0.3125843973090224
mask_dilate_px=6
refine_iters=114
refine_lr=0.06387151746167051
w_lfreq=1.9948255959325076
w_hist=0.055591532811530925
w_tv=0.0005312809990686042
w_seam=1.2736295876847288
seam_width=3
